  0.11188E+01  0.74178E+01  0.24066E+01
  0.11177E+01  0.74088E+01  0.24026E+01
  0.11167E+01  0.73999E+01  0.23986E+01
  0.11157E+01  0.73910E+01  0.23947E+01
  0.11146E+01  0.73821E+01  0.23908E+01
  0.11136E+01  0.73733E+01  0.23868E+01
  0.11126E+01  0.73644E+01  0.23829E+01
  0.11115E+01  0.73555E+01  0.23789E+01
  0.11105E+01  0.73465E+01  0.23750E+01
  0.11095E+01  0.73376E+01  0.23711E+01
  0.11084E+01  0.73286E+01  0.23671E+01
  0.11074E+01  0.73197E+01  0.23632E+01
  0.11063E+01  0.73107E+01  0.23593E+01
  0.11053E+01  0.73017E+01  0.23554E+01
  0.11042E+01  0.72927E+01  0.23515E+01
  0.11032E+01  0.72836E+01  0.23475E+01
  0.11021E+01  0.72746E+01  0.23436E+01
  0.11010E+01  0.72655E+01  0.23397E+01
  0.11000E+01  0.72563E+01  0.23358E+01
  0.10989E+01  0.72471E+01  0.23319E+01
  0.10978E+01  0.72379E+01  0.23280E+01
  0.10967E+01  0.72286E+01  0.23241E+01
  0.10956E+01  0.72192E+01  0.23202E+01
  0.10945E+01  0.72097E+01  0.23163E+01
  0.10934E+01  0.72000E+01  0.23125E+01
  0.10922E+01  0.71900E+01  0.23086E+01
  0.10910E+01  0.71796E+01  0.23047E+01
  0.10900E+01  0.71710E+01  0.23008E+01
  0.10890E+01  0.71625E+01  0.22969E+01
  0.10880E+01  0.71540E+01  0.22931E+01
  0.10870E+01  0.71454E+01  0.22892E+01
  0.10860E+01  0.71369E+01  0.22854E+01
  0.10850E+01  0.71283E+01  0.22815E+01
  0.10840E+01  0.71197E+01  0.22776E+01
  0.10830E+01  0.71112E+01  0.22738E+01
  0.10820E+01  0.71026E+01  0.22699E+01
  0.10810E+01  0.70940E+01  0.22661E+01
  0.10800E+01  0.70854E+01  0.22623E+01
  0.10789E+01  0.70768E+01  0.22584E+01
  0.10779E+01  0.70682E+01  0.22546E+01
  0.10769E+01  0.70595E+01  0.22508E+01
  0.10759E+01  0.70509E+01  0.22469E+01
  0.10749E+01  0.70423E+01  0.22431E+01
  0.10739E+01  0.70336E+01  0.22393E+01
  0.10728E+01  0.70249E+01  0.22355E+01
  0.10718E+01  0.70162E+01  0.22316E+01
  0.10708E+01  0.70075E+01  0.22278E+01
  0.10697E+01  0.69987E+01  0.22240E+01
  0.10687E+01  0.69900E+01  0.22202E+01
  0.10677E+01  0.69811E+01  0.22164E+01
  0.10666E+01  0.69723E+01  0.22126E+01
  0.10656E+01  0.69635E+01  0.22088E+01
  0.10646E+01  0.69548E+01  0.22050E+01
  0.10635E+01  0.69462E+01  0.22012E+01
  0.10625E+01  0.69375E+01  0.21974E+01
  0.10615E+01  0.69288E+01  0.21936E+01
  0.10605E+01  0.69201E+01  0.21898E+01
  0.10594E+01  0.69114E+01  0.21860E+01
  0.10584E+01  0.69027E+01  0.21823E+01
  0.10573E+01  0.68935E+01  0.21785E+01
  0.10562E+01  0.68839E+01  0.21747E+01
  0.10551E+01  0.68745E+01  0.21709E+01
  0.10540E+01  0.68652E+01  0.21671E+01
  0.10528E+01  0.68558E+01  0.21634E+01
  0.10517E+01  0.68463E+01  0.21596E+01
  0.10506E+01  0.68368E+01  0.21558E+01
  0.10494E+01  0.68272E+01  0.21521E+01
  0.10483E+01  0.68173E+01  0.21483E+01
  0.10470E+01  0.68068E+01  0.21445E+01
  0.10459E+01  0.67970E+01  0.21408E+01
  0.10449E+01  0.67886E+01  0.21370E+01
  0.10439E+01  0.67802E+01  0.21333E+01
  0.10429E+01  0.67719E+01  0.21296E+01
  0.10419E+01  0.67635E+01  0.21258E+01
  0.10409E+01  0.67551E+01  0.21221E+01
  0.10399E+01  0.67467E+01  0.21184E+01
  0.10389E+01  0.67383E+01  0.21147E+01
  0.10379E+01  0.67299E+01  0.21110E+01
  0.10369E+01  0.67215E+01  0.21072E+01
  0.10359E+01  0.67131E+01  0.21035E+01
  0.10349E+01  0.67047E+01  0.20998E+01
  0.10339E+01  0.66962E+01  0.20961E+01
  0.10329E+01  0.66878E+01  0.20924E+01
  0.10318E+01  0.66794E+01  0.20887E+01
  0.10308E+01  0.66709E+01  0.20850E+01
  0.10298E+01  0.66624E+01  0.20813E+01
  0.10288E+01  0.66540E+01  0.20776E+01
  0.10278E+01  0.66455E+01  0.20739E+01
  0.10268E+01  0.66370E+01  0.20702E+01
  0.10257E+01  0.66282E+01  0.20665E+01
  0.10247E+01  0.66194E+01  0.20629E+01
  0.10236E+01  0.66107E+01  0.20592E+01
  0.10226E+01  0.66020E+01  0.20555E+01
  0.10216E+01  0.65933E+01  0.20518E+01
  0.10205E+01  0.65846E+01  0.20481E+01
  0.10195E+01  0.65759E+01  0.20445E+01
  0.10184E+01  0.65671E+01  0.20408E+01
  0.10174E+01  0.65584E+01  0.20371E+01
  0.10163E+01  0.65497E+01  0.20335E+01
  0.10153E+01  0.65409E+01  0.20298E+01
  0.10142E+01  0.65321E+01  0.20262E+01
  0.10132E+01  0.65233E+01  0.20225E+01
  0.10121E+01  0.65144E+01  0.20188E+01
  0.10110E+01  0.65055E+01  0.20152E+01
  0.10099E+01  0.64965E+01  0.20115E+01
  0.10089E+01  0.64875E+01  0.20079E+01
  0.10078E+01  0.64785E+01  0.20043E+01
  0.10067E+01  0.64693E+01  0.20006E+01
  0.10055E+01  0.64596E+01  0.19970E+01
  0.10043E+01  0.64496E+01  0.19933E+01
  0.10030E+01  0.64392E+01  0.19897E+01
  0.10018E+01  0.64291E+01  0.19860E+01
  0.10008E+01  0.64207E+01  0.19824E+01
  0.99979E+00  0.64123E+01  0.19788E+01
  0.99878E+00  0.64039E+01  0.19752E+01
  0.99777E+00  0.63955E+01  0.19716E+01
  0.99675E+00  0.63871E+01  0.19680E+01
  0.99574E+00  0.63787E+01  0.19644E+01
  0.99473E+00  0.63703E+01  0.19608E+01
  0.99372E+00  0.63619E+01  0.19572E+01
  0.99270E+00  0.63535E+01  0.19536E+01
  0.99169E+00  0.63451E+01  0.19500E+01
  0.99067E+00  0.63367E+01  0.19464E+01
  0.98966E+00  0.63283E+01  0.19428E+01
  0.98864E+00  0.63199E+01  0.19392E+01
  0.98762E+00  0.63115E+01  0.19357E+01
  0.98660E+00  0.63031E+01  0.19321E+01
  0.98558E+00  0.62947E+01  0.19285E+01
  0.98456E+00  0.62862E+01  0.19249E+01
  0.98353E+00  0.62778E+01  0.19214E+01
  0.98251E+00  0.62693E+01  0.19178E+01
  0.98148E+00  0.62609E+01  0.19142E+01
  0.98045E+00  0.62524E+01  0.19107E+01
  0.97942E+00  0.62439E+01  0.19071E+01
  0.97839E+00  0.62354E+01  0.19035E+01
  0.97735E+00  0.62268E+01  0.19000E+01
  0.97631E+00  0.62183E+01  0.18964E+01
  0.97527E+00  0.62097E+01  0.18929E+01
  0.97423E+00  0.62011E+01  0.18893E+01
  0.97318E+00  0.61925E+01  0.18858E+01
  0.97212E+00  0.61839E+01  0.18823E+01
  0.97107E+00  0.61752E+01  0.18787E+01
  0.97001E+00  0.61665E+01  0.18752E+01
  0.96894E+00  0.61577E+01  0.18716E+01
  0.96787E+00  0.61489E+01  0.18681E+01
  0.96679E+00  0.61400E+01  0.18646E+01
  0.96570E+00  0.61311E+01  0.18610E+01
  0.96459E+00  0.61220E+01  0.18575E+01
  0.96348E+00  0.61129E+01  0.18540E+01
  0.96234E+00  0.61035E+01  0.18505E+01
  0.96116E+00  0.60939E+01  0.18469E+01
  0.95989E+00  0.60835E+01  0.18434E+01
  0.95879E+00  0.60745E+01  0.18399E+01
  0.95781E+00  0.60665E+01  0.18364E+01
  0.95682E+00  0.60584E+01  0.18329E+01
  0.95584E+00  0.60503E+01  0.18294E+01
  0.95485E+00  0.60423E+01  0.18259E+01
  0.95386E+00  0.60342E+01  0.18224E+01
  0.95287E+00  0.60261E+01  0.18190E+01
  0.95188E+00  0.60180E+01  0.18155E+01
  0.95089E+00  0.60099E+01  0.18120E+01
  0.94989E+00  0.60017E+01  0.18085E+01
  0.94889E+00  0.59936E+01  0.18051E+01
  0.94789E+00  0.59854E+01  0.18016E+01
  0.94689E+00  0.59773E+01  0.17981E+01
  0.94589E+00  0.59691E+01  0.17947E+01
  0.94488E+00  0.59609E+01  0.17912E+01
  0.94387E+00  0.59527E+01  0.17877E+01
  0.94286E+00  0.59444E+01  0.17843E+01
  0.94185E+00  0.59362E+01  0.17808E+01
  0.94083E+00  0.59279E+01  0.17774E+01
  0.93981E+00  0.59196E+01  0.17739E+01
  0.93878E+00  0.59113E+01  0.17705E+01
  0.93775E+00  0.59029E+01  0.17670E+01
  0.93672E+00  0.58945E+01  0.17636E+01
  0.93569E+00  0.58861E+01  0.17602E+01
  0.93465E+00  0.58777E+01  0.17567E+01
  0.93361E+00  0.58692E+01  0.17533E+01
  0.93256E+00  0.58607E+01  0.17498E+01
  0.93149E+00  0.58521E+01  0.17464E+01
  0.93046E+00  0.58437E+01  0.17430E+01
  0.92942E+00  0.58353E+01  0.17396E+01
  0.92838E+00  0.58268E+01  0.17361E+01
  0.92733E+00  0.58183E+01  0.17327E+01
  0.92628E+00  0.58098E+01  0.17293E+01
  0.92521E+00  0.58011E+01  0.17259E+01
  0.92413E+00  0.57924E+01  0.17225E+01
  0.92303E+00  0.57835E+01  0.17190E+01
  0.92189E+00  0.57743E+01  0.17156E+01
  0.92069E+00  0.57646E+01  0.17122E+01
  0.91957E+00  0.57555E+01  0.17088E+01
  0.91863E+00  0.57479E+01  0.17054E+01
  0.91768E+00  0.57402E+01  0.17020E+01
  0.91673E+00  0.57326E+01  0.16987E+01
  0.91578E+00  0.57249E+01  0.16953E+01
  0.91483E+00  0.57172E+01  0.16919E+01
  0.91387E+00  0.57095E+01  0.16886E+01
  0.91292E+00  0.57018E+01  0.16852E+01
  0.91196E+00  0.56941E+01  0.16818E+01
  0.91101E+00  0.56864E+01  0.16785E+01
  0.91005E+00  0.56787E+01  0.16751E+01
  0.90909E+00  0.56710E+01  0.16718E+01
  0.90813E+00  0.56632E+01  0.16684E+01
  0.90716E+00  0.56555E+01  0.16651E+01
  0.90620E+00  0.56477E+01  0.16617E+01
  0.90523E+00  0.56399E+01  0.16584E+01
  0.90426E+00  0.56321E+01  0.16550E+01
  0.90329E+00  0.56243E+01  0.16517E+01
  0.90232E+00  0.56165E+01  0.16484E+01
  0.90134E+00  0.56087E+01  0.16450E+01
  0.90036E+00  0.56008E+01  0.16417E+01
  0.89938E+00  0.55929E+01  0.16384E+01
  0.89840E+00  0.55850E+01  0.16350E+01
  0.89741E+00  0.55771E+01  0.16317E+01
  0.89642E+00  0.55692E+01  0.16284E+01
  0.89542E+00  0.55612E+01  0.16251E+01
  0.89442E+00  0.55532E+01  0.16217E+01
  0.89341E+00  0.55451E+01  0.16184E+01
  0.89240E+00  0.55370E+01  0.16151E+01
  0.89138E+00  0.55288E+01  0.16118E+01
  0.89031E+00  0.55203E+01  0.16085E+01
  0.88923E+00  0.55117E+01  0.16051E+01
  0.88813E+00  0.55029E+01  0.16018E+01
  0.88700E+00  0.54938E+01  0.15985E+01
  0.88579E+00  0.54842E+01  0.15952E+01
  0.88447E+00  0.54736E+01  0.15918E+01
  0.88356E+00  0.54664E+01  0.15885E+01
  0.88266E+00  0.54591E+01  0.15853E+01
  0.88175E+00  0.54519E+01  0.15820E+01
  0.88084E+00  0.54447E+01  0.15787E+01
  0.87994E+00  0.54374E+01  0.15755E+01
  0.87903E+00  0.54302E+01  0.15722E+01
  0.87812E+00  0.54230E+01  0.15690E+01
  0.87721E+00  0.54157E+01  0.15657E+01
  0.87630E+00  0.54085E+01  0.15625E+01
  0.87538E+00  0.54012E+01  0.15592E+01
  0.87447E+00  0.53939E+01  0.15560E+01
  0.87356E+00  0.53867E+01  0.15527E+01
  0.87264E+00  0.53794E+01  0.15495E+01
  0.87172E+00  0.53721E+01  0.15463E+01
  0.87081E+00  0.53648E+01  0.15430E+01
  0.86989E+00  0.53575E+01  0.15398E+01
  0.86896E+00  0.53502E+01  0.15366E+01
  0.86804E+00  0.53428E+01  0.15333E+01
  0.86711E+00  0.53355E+01  0.15301E+01
  0.86619E+00  0.53281E+01  0.15269E+01
  0.86525E+00  0.53208E+01  0.15237E+01
  0.86432E+00  0.53134E+01  0.15204E+01
  0.86338E+00  0.53059E+01  0.15172E+01
  0.86244E+00  0.52985E+01  0.15140E+01
  0.86149E+00  0.52910E+01  0.15108E+01
  0.86054E+00  0.52834E+01  0.15076E+01
  0.85958E+00  0.52758E+01  0.15044E+01
  0.85860E+00  0.52681E+01  0.15011E+01
  0.85761E+00  0.52603E+01  0.14979E+01
  0.85657E+00  0.52521E+01  0.14947E+01
  0.85542E+00  0.52430E+01  0.14915E+01
  0.85454E+00  0.52360E+01  0.14883E+01
  0.85366E+00  0.52291E+01  0.14851E+01
  0.85279E+00  0.52222E+01  0.14819E+01
  0.85191E+00  0.52153E+01  0.14788E+01
  0.85103E+00  0.52084E+01  0.14756E+01
  0.85016E+00  0.52015E+01  0.14724E+01
  0.84928E+00  0.51946E+01  0.14693E+01
  0.84840E+00  0.51877E+01  0.14661E+01
  0.84752E+00  0.51808E+01  0.14630E+01
  0.84665E+00  0.51739E+01  0.14598E+01
  0.84577E+00  0.51669E+01  0.14567E+01
  0.84489E+00  0.51600E+01  0.14535E+01
  0.84401E+00  0.51531E+01  0.14504E+01
  0.84313E+00  0.51462E+01  0.14472E+01
  0.84225E+00  0.51393E+01  0.14441E+01
  0.84138E+00  0.51324E+01  0.14409E+01
  0.84050E+00  0.51256E+01  0.14378E+01
  0.83962E+00  0.51187E+01  0.14347E+01
  0.83874E+00  0.51118E+01  0.14315E+01
  0.83786E+00  0.51049E+01  0.14284E+01
  0.83698E+00  0.50980E+01  0.14253E+01
  0.83610E+00  0.50911E+01  0.14222E+01
  0.83521E+00  0.50842E+01  0.14191E+01
  0.83433E+00  0.50773E+01  0.14159E+01
  0.83345E+00  0.50704E+01  0.14128E+01
  0.83257E+00  0.50635E+01  0.14097E+01
  0.83169E+00  0.50566E+01  0.14066E+01
  0.83080E+00  0.50497E+01  0.14035E+01
  0.82992E+00  0.50428E+01  0.14004E+01
  0.82904E+00  0.50359E+01  0.13973E+01
  0.82815E+00  0.50290E+01  0.13942E+01
  0.82727E+00  0.50221E+01  0.13911E+01
  0.82638E+00  0.50152E+01  0.13880E+01
  0.82550E+00  0.50084E+01  0.13849E+01
  0.82463E+00  0.50015E+01  0.13818E+01
  0.82375E+00  0.49947E+01  0.13787E+01
  0.82287E+00  0.49879E+01  0.13757E+01
  0.82199E+00  0.49810E+01  0.13726E+01
  0.82111E+00  0.49742E+01  0.13695E+01
  0.82023E+00  0.49674E+01  0.13664E+01
  0.81936E+00  0.49605E+01  0.13634E+01
  0.81848E+00  0.49537E+01  0.13603E+01
  0.81760E+00  0.49469E+01  0.13572E+01
  0.81672E+00  0.49401E+01  0.13542E+01
  0.81584E+00  0.49332E+01  0.13511E+01
  0.81496E+00  0.49264E+01  0.13480E+01
  0.81408E+00  0.49196E+01  0.13450E+01
  0.81320E+00  0.49128E+01  0.13419E+01
  0.81232E+00  0.49060E+01  0.13389E+01
  0.81144E+00  0.48992E+01  0.13359E+01
  0.81056E+00  0.48924E+01  0.13328E+01
  0.80968E+00  0.48856E+01  0.13298E+01
  0.80880E+00  0.48787E+01  0.13267E+01
  0.80792E+00  0.48719E+01  0.13237E+01
  0.80704E+00  0.48651E+01  0.13207E+01
  0.80616E+00  0.48583E+01  0.13176E+01
  0.80528E+00  0.48515E+01  0.13146E+01
  0.80440E+00  0.48448E+01  0.13116E+01
  0.80352E+00  0.48380E+01  0.13086E+01
  0.80264E+00  0.48312E+01  0.13056E+01
  0.80176E+00  0.48244E+01  0.13025E+01
  0.80088E+00  0.48176E+01  0.12995E+01
  0.79999E+00  0.48108E+01  0.12965E+01
  0.79911E+00  0.48040E+01  0.12935E+01
  0.79823E+00  0.47972E+01  0.12905E+01
  0.79735E+00  0.47904E+01  0.12875E+01
  0.79647E+00  0.47837E+01  0.12845E+01
  0.79558E+00  0.47769E+01  0.12815E+01
  0.79470E+00  0.47701E+01  0.12785E+01
  0.79382E+00  0.47633E+01  0.12755E+01
  0.79293E+00  0.47565E+01  0.12725E+01
  0.79205E+00  0.47498E+01  0.12696E+01
  0.79117E+00  0.47430E+01  0.12666E+01
  0.79028E+00  0.47362E+01  0.12636E+01
  0.78940E+00  0.47294E+01  0.12606E+01
  0.78851E+00  0.47226E+01  0.12577E+01
  0.78762E+00  0.47158E+01  0.12547E+01
  0.78674E+00  0.47091E+01  0.12517E+01
  0.78586E+00  0.47023E+01  0.12488E+01
  0.78498E+00  0.46956E+01  0.12458E+01
  0.78410E+00  0.46889E+01  0.12428E+01
  0.78322E+00  0.46821E+01  0.12399E+01
  0.78234E+00  0.46754E+01  0.12369E+01
  0.78145E+00  0.46687E+01  0.12340E+01
  0.78057E+00  0.46620E+01  0.12310E+01
  0.77969E+00  0.46553E+01  0.12281E+01
  0.77881E+00  0.46485E+01  0.12252E+01
  0.77793E+00  0.46418E+01  0.12222E+01
  0.77705E+00  0.46351E+01  0.12193E+01
  0.77617E+00  0.46284E+01  0.12164E+01
  0.77529E+00  0.46217E+01  0.12134E+01
  0.77441E+00  0.46150E+01  0.12105E+01
  0.77352E+00  0.46083E+01  0.12076E+01
  0.77264E+00  0.46016E+01  0.12047E+01
  0.77176E+00  0.45949E+01  0.12018E+01
  0.77088E+00  0.45882E+01  0.11988E+01
  0.77000E+00  0.45815E+01  0.11959E+01
  0.76911E+00  0.45748E+01  0.11930E+01
  0.76823E+00  0.45681E+01  0.11901E+01
  0.76735E+00  0.45615E+01  0.11872E+01
  0.76647E+00  0.45548E+01  0.11843E+01
  0.76558E+00  0.45481E+01  0.11814E+01
  0.76470E+00  0.45414E+01  0.11785E+01
  0.76382E+00  0.45347E+01  0.11757E+01
  0.76294E+00  0.45280E+01  0.11728E+01
  0.76205E+00  0.45214E+01  0.11699E+01
  0.76117E+00  0.45147E+01  0.11670E+01
  0.76028E+00  0.45080E+01  0.11641E+01
  0.75936E+00  0.45010E+01  0.11612E+01
  0.75841E+00  0.44938E+01  0.11584E+01
  0.75747E+00  0.44868E+01  0.11555E+01
  0.75654E+00  0.44798E+01  0.11526E+01
  0.75562E+00  0.44728E+01  0.11497E+01
  0.75472E+00  0.44661E+01  0.11469E+01
  0.75382E+00  0.44593E+01  0.11440E+01
  0.75292E+00  0.44525E+01  0.11412E+01
  0.75203E+00  0.44458E+01  0.11383E+01
  0.75113E+00  0.44391E+01  0.11355E+01
  0.75024E+00  0.44324E+01  0.11326E+01
  0.74935E+00  0.44257E+01  0.11298E+01
  0.74845E+00  0.44190E+01  0.11269E+01
  0.74756E+00  0.44123E+01  0.11241E+01
  0.74667E+00  0.44056E+01  0.11213E+01
  0.74578E+00  0.43989E+01  0.11184E+01
  0.74489E+00  0.43923E+01  0.11156E+01
  0.74400E+00  0.43856E+01  0.11128E+01
  0.74311E+00  0.43789E+01  0.11100E+01
  0.74222E+00  0.43723E+01  0.11072E+01
  0.74129E+00  0.43653E+01  0.11043E+01
  0.74037E+00  0.43584E+01  0.11015E+01
  0.73946E+00  0.43516E+01  0.10987E+01
  0.73855E+00  0.43448E+01  0.10959E+01
  0.73764E+00  0.43381E+01  0.10931E+01
  0.73673E+00  0.43313E+01  0.10903E+01
  0.73583E+00  0.43246E+01  0.10875E+01
  0.73493E+00  0.43178E+01  0.10847E+01
  0.73403E+00  0.43111E+01  0.10819E+01
  0.73313E+00  0.43044E+01  0.10791E+01
  0.73223E+00  0.42977E+01  0.10764E+01
  0.73133E+00  0.42911E+01  0.10736E+01
  0.73043E+00  0.42844E+01  0.10708E+01
  0.72954E+00  0.42777E+01  0.10680E+01
  0.72864E+00  0.42711E+01  0.10653E+01
  0.72774E+00  0.42644E+01  0.10625E+01
  0.72685E+00  0.42578E+01  0.10597E+01
  0.72596E+00  0.42511E+01  0.10570E+01
  0.72506E+00  0.42445E+01  0.10542E+01
  0.72417E+00  0.42379E+01  0.10515E+01
  0.72328E+00  0.42313E+01  0.10487E+01
  0.72238E+00  0.42247E+01  0.10460E+01
  0.72149E+00  0.42181E+01  0.10432E+01
  0.72060E+00  0.42115E+01  0.10405E+01
  0.71971E+00  0.42049E+01  0.10378E+01
  0.71882E+00  0.41984E+01  0.10350E+01
  0.71793E+00  0.41918E+01  0.10323E+01
  0.71704E+00  0.41852E+01  0.10296E+01
  0.71616E+00  0.41787E+01  0.10269E+01
  0.71527E+00  0.41721E+01  0.10242E+01
  0.71438E+00  0.41656E+01  0.10214E+01
  0.71349E+00  0.41591E+01  0.10187E+01
  0.71261E+00  0.41525E+01  0.10160E+01
  0.71172E+00  0.41460E+01  0.10133E+01
  0.71084E+00  0.41395E+01  0.10106E+01
  0.70995E+00  0.41330E+01  0.10079E+01
  0.70907E+00  0.41265E+01  0.10052E+01
  0.70819E+00  0.41200E+01  0.10026E+01
  0.70730E+00  0.41136E+01  0.99987E+00
  0.70642E+00  0.41071E+01  0.99718E+00
  0.70554E+00  0.41006E+01  0.99451E+00
  0.70466E+00  0.40942E+01  0.99183E+00
  0.70378E+00  0.40877E+01  0.98916E+00
  0.70290E+00  0.40813E+01  0.98649E+00
  0.70202E+00  0.40748E+01  0.98383E+00
  0.70114E+00  0.40684E+01  0.98117E+00
  0.70026E+00  0.40620E+01  0.97851E+00
  0.69939E+00  0.40556E+01  0.97585E+00
  0.69851E+00  0.40492E+01  0.97320E+00
  0.69763E+00  0.40428E+01  0.97056E+00
  0.69676E+00  0.40364E+01  0.96791E+00
  0.69589E+00  0.40300E+01  0.96527E+00
  0.69501E+00  0.40237E+01  0.96264E+00
  0.69414E+00  0.40173E+01  0.96001E+00
  0.69327E+00  0.40110E+01  0.95738E+00
  0.69240E+00  0.40046E+01  0.95475E+00
  0.69153E+00  0.39983E+01  0.95213E+00
  0.69066E+00  0.39920E+01  0.94951E+00
  0.68979E+00  0.39857E+01  0.94690E+00
  0.68893E+00  0.39794E+01  0.94429E+00
  0.68806E+00  0.39731E+01  0.94168E+00
  0.68720E+00  0.39669E+01  0.93908E+00
  0.68634E+00  0.39606E+01  0.93648E+00
  0.68548E+00  0.39544E+01  0.93389E+00
  0.68462E+00  0.39482E+01  0.93130E+00
  0.68376E+00  0.39420E+01  0.92871E+00
  0.68291E+00  0.39358E+01  0.92613E+00
  0.68206E+00  0.39296E+01  0.92356E+00
  0.68121E+00  0.39235E+01  0.92099E+00
  0.68036E+00  0.39174E+01  0.91844E+00
  0.67953E+00  0.39113E+01  0.91587E+00
  0.67870E+00  0.39053E+01  0.91330E+00
  0.67786E+00  0.38993E+01  0.91074E+00
  0.67703E+00  0.38933E+01  0.90818E+00
  0.67619E+00  0.38873E+01  0.90562E+00
  0.67536E+00  0.38813E+01  0.90306E+00
  0.67452E+00  0.38752E+01  0.90051E+00
  0.67368E+00  0.38692E+01  0.89796E+00
  0.67284E+00  0.38632E+01  0.89542E+00
  0.67200E+00  0.38572E+01  0.89287E+00
  0.67116E+00  0.38511E+01  0.89033E+00
  0.67032E+00  0.38451E+01  0.88780E+00
  0.66948E+00  0.38391E+01  0.88526E+00
  0.66864E+00  0.38330E+01  0.88273E+00
  0.66779E+00  0.38270E+01  0.88021E+00
  0.66695E+00  0.38209E+01  0.87768E+00
  0.66610E+00  0.38149E+01  0.87516E+00
  0.66526E+00  0.38088E+01  0.87264E+00
  0.66441E+00  0.38028E+01  0.87013E+00
  0.66356E+00  0.37967E+01  0.86762E+00
  0.66271E+00  0.37906E+01  0.86511E+00
  0.66185E+00  0.37845E+01  0.86260E+00
  0.66100E+00  0.37784E+01  0.86010E+00
  0.66014E+00  0.37723E+01  0.85760E+00
  0.65929E+00  0.37662E+01  0.85510E+00
  0.65842E+00  0.37601E+01  0.85261E+00
  0.65756E+00  0.37540E+01  0.85012E+00
  0.65669E+00  0.37478E+01  0.84763E+00
  0.65582E+00  0.37415E+01  0.84514E+00
  0.65496E+00  0.37355E+01  0.84266E+00
  0.65412E+00  0.37295E+01  0.84019E+00
  0.65328E+00  0.37236E+01  0.83772E+00
  0.65244E+00  0.37176E+01  0.83525E+00
  0.65161E+00  0.37117E+01  0.83279E+00
  0.65077E+00  0.37057E+01  0.83033E+00
  0.64993E+00  0.36998E+01  0.82788E+00
  0.64909E+00  0.36938E+01  0.82542E+00
  0.64824E+00  0.36879E+01  0.82297E+00
  0.64740E+00  0.36819E+01  0.82053E+00
  0.64656E+00  0.36760E+01  0.81808E+00
  0.64571E+00  0.36700E+01  0.81564E+00
  0.64487E+00  0.36641E+01  0.81321E+00
  0.64402E+00  0.36581E+01  0.81077E+00
  0.64318E+00  0.36521E+01  0.80834E+00
  0.64233E+00  0.36462E+01  0.80592E+00
  0.64148E+00  0.36402E+01  0.80349E+00
  0.64063E+00  0.36342E+01  0.80107E+00
  0.63978E+00  0.36282E+01  0.79865E+00
  0.63893E+00  0.36222E+01  0.79624E+00
  0.63808E+00  0.36163E+01  0.79383E+00
  0.63722E+00  0.36103E+01  0.79142E+00
  0.63636E+00  0.36042E+01  0.78901E+00
  0.63551E+00  0.35982E+01  0.78661E+00
  0.63465E+00  0.35922E+01  0.78421E+00
  0.63378E+00  0.35862E+01  0.78182E+00
  0.63292E+00  0.35801E+01  0.77942E+00
  0.63205E+00  0.35740E+01  0.77703E+00
  0.63117E+00  0.35679E+01  0.77464E+00
  0.63029E+00  0.35617E+01  0.77226E+00
  0.62944E+00  0.35558E+01  0.76988E+00
  0.62860E+00  0.35499E+01  0.76751E+00
  0.62775E+00  0.35440E+01  0.76514E+00
  0.62691E+00  0.35382E+01  0.76278E+00
  0.62607E+00  0.35323E+01  0.76042E+00
  0.62523E+00  0.35264E+01  0.75806E+00
  0.62438E+00  0.35206E+01  0.75571E+00
  0.62354E+00  0.35147E+01  0.75336E+00
  0.62270E+00  0.35088E+01  0.75101E+00
  0.62185E+00  0.35030E+01  0.74866E+00
  0.62101E+00  0.34971E+01  0.74632E+00
  0.62016E+00  0.34912E+01  0.74399E+00
  0.61931E+00  0.34853E+01  0.74165E+00
  0.61846E+00  0.34795E+01  0.73932E+00
  0.61762E+00  0.34736E+01  0.73699E+00
  0.61677E+00  0.34677E+01  0.73467E+00
  0.61592E+00  0.34619E+01  0.73235E+00
  0.61507E+00  0.34560E+01  0.73003E+00
  0.61422E+00  0.34501E+01  0.72772E+00
  0.61337E+00  0.34442E+01  0.72541E+00
  0.61252E+00  0.34384E+01  0.72310E+00
  0.61166E+00  0.34325E+01  0.72080E+00
  0.61081E+00  0.34266E+01  0.71850E+00
  0.60996E+00  0.34207E+01  0.71620E+00
  0.60910E+00  0.34148E+01  0.71391E+00
  0.60825E+00  0.34090E+01  0.71161E+00
  0.60739E+00  0.34031E+01  0.70933E+00
  0.60654E+00  0.33972E+01  0.70704E+00
  0.60568E+00  0.33913E+01  0.70476E+00
  0.60482E+00  0.33854E+01  0.70249E+00
  0.60396E+00  0.33795E+01  0.70021E+00
  0.60310E+00  0.33736E+01  0.69794E+00
  0.60224E+00  0.33677E+01  0.69568E+00
  0.60138E+00  0.33618E+01  0.69341E+00
  0.60052E+00  0.33559E+01  0.69115E+00
  0.59966E+00  0.33500E+01  0.68890E+00
  0.59880E+00  0.33441E+01  0.68664E+00
  0.59793E+00  0.33382E+01  0.68439E+00
  0.59707E+00  0.33323E+01  0.68215E+00
  0.59620E+00  0.33264E+01  0.67991E+00
  0.59533E+00  0.33205E+01  0.67767E+00
  0.59447E+00  0.33146E+01  0.67543E+00
  0.59360E+00  0.33087E+01  0.67320E+00
  0.59273E+00  0.33028E+01  0.67097E+00
  0.59186E+00  0.32968E+01  0.66874E+00
  0.59099E+00  0.32909E+01  0.66652E+00
  0.59011E+00  0.32850E+01  0.66430E+00
  0.58924E+00  0.32791E+01  0.66209E+00
  0.58836E+00  0.32731E+01  0.65987E+00
  0.58749E+00  0.32672E+01  0.65767E+00
  0.58661E+00  0.32612E+01  0.65546E+00
  0.58573E+00  0.32553E+01  0.65326E+00
  0.58485E+00  0.32493E+01  0.65106E+00
  0.58396E+00  0.32433E+01  0.64886E+00
  0.58308E+00  0.32373E+01  0.64667E+00
  0.58219E+00  0.32313E+01  0.64448E+00
  0.58130E+00  0.32253E+01  0.64230E+00
  0.58041E+00  0.32193E+01  0.64012E+00
  0.57952E+00  0.32133E+01  0.63794E+00
  0.57862E+00  0.32072E+01  0.63576E+00
  0.57771E+00  0.32011E+01  0.63359E+00
  0.57680E+00  0.31950E+01  0.63142E+00
  0.57590E+00  0.31889E+01  0.62926E+00
  0.57503E+00  0.31831E+01  0.62710E+00
  0.57417E+00  0.31773E+01  0.62495E+00
  0.57330E+00  0.31715E+01  0.62280E+00
  0.57243E+00  0.31656E+01  0.62066E+00
  0.57156E+00  0.31598E+01  0.61852E+00
  0.57069E+00  0.31540E+01  0.61638E+00
  0.56982E+00  0.31482E+01  0.61425E+00
  0.56895E+00  0.31423E+01  0.61212E+00
  0.56808E+00  0.31365E+01  0.60999E+00
  0.56721E+00  0.31306E+01  0.60787E+00
  0.56633E+00  0.31248E+01  0.60575E+00
  0.56546E+00  0.31190E+01  0.60363E+00
  0.56458E+00  0.31131E+01  0.60152E+00
  0.56370E+00  0.31073E+01  0.59941E+00
  0.56283E+00  0.31014E+01  0.59730E+00
  0.56195E+00  0.30956E+01  0.59520E+00
  0.56107E+00  0.30897E+01  0.59310E+00
  0.56019E+00  0.30839E+01  0.59101E+00
  0.55931E+00  0.30780E+01  0.58891E+00
  0.55843E+00  0.30721E+01  0.58683E+00
  0.55754E+00  0.30663E+01  0.58474E+00
  0.55666E+00  0.30604E+01  0.58266E+00
  0.55577E+00  0.30545E+01  0.58058E+00
  0.55489E+00  0.30487E+01  0.57851E+00
  0.55400E+00  0.30428E+01  0.57644E+00
  0.55311E+00  0.30369E+01  0.57437E+00
  0.55222E+00  0.30310E+01  0.57231E+00
  0.55133E+00  0.30251E+01  0.57025E+00
  0.55044E+00  0.30192E+01  0.56820E+00
  0.54954E+00  0.30133E+01  0.56614E+00
  0.54865E+00  0.30074E+01  0.56409E+00
  0.54775E+00  0.30015E+01  0.56205E+00
  0.54685E+00  0.29956E+01  0.56001E+00
  0.54596E+00  0.29897E+01  0.55797E+00
  0.54505E+00  0.29838E+01  0.55593E+00
  0.54415E+00  0.29778E+01  0.55390E+00
  0.54325E+00  0.29719E+01  0.55188E+00
  0.54234E+00  0.29660E+01  0.54985E+00
  0.54144E+00  0.29600E+01  0.54783E+00
  0.54053E+00  0.29540E+01  0.54581E+00
  0.53961E+00  0.29481E+01  0.54380E+00
  0.53870E+00  0.29421E+01  0.54179E+00
  0.53779E+00  0.29361E+01  0.53979E+00
  0.53687E+00  0.29301E+01  0.53778E+00
  0.53595E+00  0.29240E+01  0.53578E+00
  0.53502E+00  0.29180E+01  0.53379E+00
  0.53409E+00  0.29119E+01  0.53180E+00
  0.53316E+00  0.29059E+01  0.52981E+00
  0.53222E+00  0.28997E+01  0.52782E+00
  0.53128E+00  0.28936E+01  0.52584E+00
  0.53033E+00  0.28874E+01  0.52386E+00
  0.52936E+00  0.28811E+01  0.52188E+00
  0.52838E+00  0.28747E+01  0.51991E+00
  0.52747E+00  0.28688E+01  0.51794E+00
  0.52657E+00  0.28630E+01  0.51599E+00
  0.52567E+00  0.28571E+01  0.51404E+00
  0.52477E+00  0.28513E+01  0.51209E+00
  0.52387E+00  0.28454E+01  0.51014E+00
  0.52296E+00  0.28396E+01  0.50820E+00
  0.52206E+00  0.28337E+01  0.50626E+00
  0.52115E+00  0.28278E+01  0.50433E+00
  0.52024E+00  0.28220E+01  0.50239E+00
  0.51933E+00  0.28161E+01  0.50047E+00
  0.51842E+00  0.28102E+01  0.49854E+00
  0.51751E+00  0.28043E+01  0.49662E+00
  0.51659E+00  0.27984E+01  0.49471E+00
  0.51567E+00  0.27924E+01  0.49279E+00
  0.51475E+00  0.27865E+01  0.49088E+00
  0.51382E+00  0.27806E+01  0.48898E+00
  0.51289E+00  0.27746E+01  0.48707E+00
  0.51196E+00  0.27686E+01  0.48518E+00
  0.51102E+00  0.27626E+01  0.48328E+00
  0.51008E+00  0.27565E+01  0.48139E+00
  0.50912E+00  0.27504E+01  0.47950E+00
  0.50820E+00  0.27445E+01  0.47761E+00
  0.50731E+00  0.27387E+01  0.47574E+00
  0.50641E+00  0.27330E+01  0.47387E+00
  0.50552E+00  0.27273E+01  0.47200E+00
  0.50462E+00  0.27215E+01  0.47014E+00
  0.50372E+00  0.27158E+01  0.46828E+00
  0.50283E+00  0.27101E+01  0.46642E+00
  0.50193E+00  0.27043E+01  0.46457E+00
  0.50103E+00  0.26986E+01  0.46272E+00
  0.50012E+00  0.26928E+01  0.46087E+00
  0.49922E+00  0.26871E+01  0.45903E+00
  0.49832E+00  0.26813E+01  0.45719E+00
  0.49741E+00  0.26756E+01  0.45536E+00
  0.49651E+00  0.26698E+01  0.45353E+00
  0.49560E+00  0.26641E+01  0.45170E+00
  0.49469E+00  0.26583E+01  0.44987E+00
  0.49379E+00  0.26525E+01  0.44805E+00
  0.49288E+00  0.26468E+01  0.44624E+00
  0.49196E+00  0.26410E+01  0.44443E+00
  0.49105E+00  0.26352E+01  0.44262E+00
  0.49014E+00  0.26294E+01  0.44081E+00
  0.48922E+00  0.26237E+01  0.43901E+00
  0.48831E+00  0.26179E+01  0.43721E+00
  0.48739E+00  0.26121E+01  0.43542E+00
  0.48647E+00  0.26063E+01  0.43363E+00
  0.48555E+00  0.26005E+01  0.43184E+00
  0.48463E+00  0.25947E+01  0.43006E+00
  0.48371E+00  0.25889E+01  0.42828E+00
  0.48279E+00  0.25830E+01  0.42650E+00
  0.48186E+00  0.25772E+01  0.42473E+00
  0.48093E+00  0.25714E+01  0.42296E+00
  0.48000E+00  0.25656E+01  0.42120E+00
  0.47907E+00  0.25597E+01  0.41944E+00
  0.47814E+00  0.25539E+01  0.41768E+00
  0.47721E+00  0.25480E+01  0.41592E+00
  0.47627E+00  0.25421E+01  0.41418E+00
  0.47534E+00  0.25363E+01  0.41243E+00
  0.47440E+00  0.25304E+01  0.41069E+00
  0.47345E+00  0.25245E+01  0.40895E+00
  0.47251E+00  0.25186E+01  0.40721E+00
  0.47156E+00  0.25127E+01  0.40548E+00
  0.47062E+00  0.25068E+01  0.40375E+00
  0.46967E+00  0.25008E+01  0.40203E+00
  0.46871E+00  0.24949E+01  0.40031E+00
  0.46775E+00  0.24889E+01  0.39859E+00
  0.46679E+00  0.24830E+01  0.39688E+00
  0.46583E+00  0.24770E+01  0.39517E+00
  0.46486E+00  0.24710E+01  0.39347E+00
  0.46389E+00  0.24649E+01  0.39177E+00
  0.46292E+00  0.24589E+01  0.39007E+00
  0.46194E+00  0.24528E+01  0.38837E+00
  0.46095E+00  0.24467E+01  0.38668E+00
  0.45996E+00  0.24405E+01  0.38500E+00
  0.45896E+00  0.24343E+01  0.38331E+00
  0.45795E+00  0.24281E+01  0.38163E+00
  0.45693E+00  0.24218E+01  0.37996E+00
  0.45589E+00  0.24154E+01  0.37828E+00
  0.45483E+00  0.24088E+01  0.37661E+00
  0.45373E+00  0.24021E+01  0.37494E+00
  0.45256E+00  0.23948E+01  0.37327E+00
  0.45154E+00  0.23886E+01  0.37162E+00
  0.45064E+00  0.23830E+01  0.36997E+00
  0.44974E+00  0.23775E+01  0.36834E+00
  0.44884E+00  0.23719E+01  0.36670E+00
  0.44793E+00  0.23664E+01  0.36507E+00
  0.44703E+00  0.23608E+01  0.36345E+00
  0.44611E+00  0.23552E+01  0.36182E+00
  0.44520E+00  0.23496E+01  0.36020E+00
  0.44429E+00  0.23440E+01  0.35859E+00
  0.44337E+00  0.23384E+01  0.35698E+00
  0.44246E+00  0.23328E+01  0.35537E+00
  0.44155E+00  0.23272E+01  0.35376E+00
  0.44063E+00  0.23216E+01  0.35216E+00
  0.43972E+00  0.23160E+01  0.35057E+00
  0.43881E+00  0.23104E+01  0.34897E+00
  0.43789E+00  0.23049E+01  0.34738E+00
  0.43697E+00  0.22993E+01  0.34580E+00
  0.43606E+00  0.22937E+01  0.34422E+00
  0.43514E+00  0.22881E+01  0.34264E+00
  0.43422E+00  0.22825E+01  0.34106E+00
  0.43330E+00  0.22769E+01  0.33949E+00
  0.43238E+00  0.22713E+01  0.33792E+00
  0.43146E+00  0.22657E+01  0.33636E+00
  0.43054E+00  0.22601E+01  0.33480E+00
  0.42962E+00  0.22545E+01  0.33324E+00
  0.42870E+00  0.22490E+01  0.33169E+00
  0.42777E+00  0.22434E+01  0.33014E+00
  0.42685E+00  0.22377E+01  0.32860E+00
  0.42592E+00  0.22321E+01  0.32706E+00
  0.42499E+00  0.22265E+01  0.32552E+00
  0.42406E+00  0.22209E+01  0.32398E+00
  0.42313E+00  0.22153E+01  0.32245E+00
  0.42220E+00  0.22097E+01  0.32093E+00
  0.42127E+00  0.22041E+01  0.31941E+00
  0.42033E+00  0.21984E+01  0.31789E+00
  0.41940E+00  0.21928E+01  0.31637E+00
  0.41846E+00  0.21871E+01  0.31486E+00
  0.41752E+00  0.21815E+01  0.31335E+00
  0.41657E+00  0.21758E+01  0.31185E+00
  0.41563E+00  0.21701E+01  0.31035E+00
  0.41467E+00  0.21644E+01  0.30886E+00
  0.41372E+00  0.21586E+01  0.30736E+00
  0.41275E+00  0.21529E+01  0.30588E+00
  0.41178E+00  0.21470E+01  0.30439E+00
  0.41080E+00  0.21412E+01  0.30291E+00
  0.40980E+00  0.21352E+01  0.30144E+00
  0.40878E+00  0.21290E+01  0.29996E+00
  0.40782E+00  0.21233E+01  0.29851E+00
  0.40698E+00  0.21183E+01  0.29707E+00
  0.40615E+00  0.21133E+01  0.29561E+00
  0.40532E+00  0.21084E+01  0.29415E+00
  0.40448E+00  0.21034E+01  0.29269E+00
  0.40363E+00  0.20983E+01  0.29124E+00
  0.40278E+00  0.20933E+01  0.28979E+00
  0.40192E+00  0.20881E+01  0.28835E+00
  0.40105E+00  0.20830E+01  0.28690E+00
  0.40017E+00  0.20778E+01  0.28546E+00
  0.39928E+00  0.20725E+01  0.28403E+00
  0.39838E+00  0.20672E+01  0.28259E+00
  0.39746E+00  0.20617E+01  0.28116E+00
  0.39653E+00  0.20562E+01  0.27973E+00
  0.39556E+00  0.20504E+01  0.27831E+00
  0.39453E+00  0.20444E+01  0.27688E+00
  0.39368E+00  0.20393E+01  0.27547E+00
  0.39286E+00  0.20345E+01  0.27406E+00
  0.39204E+00  0.20296E+01  0.27265E+00
  0.39121E+00  0.20248E+01  0.27125E+00
  0.39038E+00  0.20199E+01  0.26985E+00
  0.38954E+00  0.20149E+01  0.26845E+00
  0.38870E+00  0.20100E+01  0.26706E+00
  0.38785E+00  0.20050E+01  0.26567E+00
  0.38699E+00  0.20000E+01  0.26428E+00
  0.38613E+00  0.19949E+01  0.26290E+00
  0.38527E+00  0.19898E+01  0.26151E+00
  0.38439E+00  0.19847E+01  0.26014E+00
  0.38351E+00  0.19795E+01  0.25876E+00
  0.38262E+00  0.19743E+01  0.25739E+00
  0.38172E+00  0.19690E+01  0.25602E+00
  0.38080E+00  0.19636E+01  0.25465E+00
  0.37986E+00  0.19582E+01  0.25329E+00
  0.37891E+00  0.19526E+01  0.25193E+00
  0.37794E+00  0.19469E+01  0.25057E+00
  0.37693E+00  0.19411E+01  0.24921E+00
  0.37587E+00  0.19349E+01  0.24786E+00
  0.37504E+00  0.19301E+01  0.24652E+00
  0.37421E+00  0.19252E+01  0.24518E+00
  0.37337E+00  0.19203E+01  0.24385E+00
  0.37253E+00  0.19154E+01  0.24252E+00
  0.37168E+00  0.19105E+01  0.24119E+00
  0.37083E+00  0.19055E+01  0.23986E+00
  0.36997E+00  0.19005E+01  0.23854E+00
  0.36910E+00  0.18955E+01  0.23722E+00
  0.36823E+00  0.18905E+01  0.23590E+00
  0.36735E+00  0.18854E+01  0.23459E+00
  0.36646E+00  0.18802E+01  0.23328E+00
  0.36557E+00  0.18751E+01  0.23197E+00
  0.36467E+00  0.18698E+01  0.23067E+00
  0.36375E+00  0.18646E+01  0.22937E+00
  0.36283E+00  0.18593E+01  0.22807E+00
  0.36190E+00  0.18539E+01  0.22678E+00
  0.36096E+00  0.18485E+01  0.22549E+00
  0.36001E+00  0.18430E+01  0.22420E+00
  0.35904E+00  0.18374E+01  0.22291E+00
  0.35806E+00  0.18318E+01  0.22163E+00
  0.35706E+00  0.18260E+01  0.22035E+00
  0.35604E+00  0.18202E+01  0.21908E+00
  0.35500E+00  0.18142E+01  0.21781E+00
  0.35391E+00  0.18080E+01  0.21654E+00
  0.35278E+00  0.18014E+01  0.21527E+00
  0.35155E+00  0.17944E+01  0.21401E+00
  0.35046E+00  0.17881E+01  0.21275E+00
  0.34950E+00  0.17827E+01  0.21151E+00
  0.34852E+00  0.17771E+01  0.21026E+00
  0.34752E+00  0.17714E+01  0.20902E+00
  0.34643E+00  0.17651E+01  0.20778E+00
  0.34552E+00  0.17599E+01  0.20655E+00
  0.34469E+00  0.17552E+01  0.20532E+00
  0.34385E+00  0.17504E+01  0.20410E+00
  0.34301E+00  0.17456E+01  0.20288E+00
  0.34217E+00  0.17408E+01  0.20166E+00
  0.34132E+00  0.17360E+01  0.20045E+00
  0.34047E+00  0.17312E+01  0.19924E+00
  0.33961E+00  0.17263E+01  0.19803E+00
  0.33875E+00  0.17214E+01  0.19683E+00
  0.33787E+00  0.17164E+01  0.19563E+00
  0.33699E+00  0.17114E+01  0.19443E+00
  0.33611E+00  0.17064E+01  0.19323E+00
  0.33521E+00  0.17013E+01  0.19204E+00
  0.33430E+00  0.16962E+01  0.19085E+00
  0.33339E+00  0.16910E+01  0.18967E+00
  0.33246E+00  0.16858E+01  0.18848E+00
  0.33152E+00  0.16805E+01  0.18730E+00
  0.33057E+00  0.16751E+01  0.18613E+00
  0.32960E+00  0.16697E+01  0.18495E+00
  0.32862E+00  0.16641E+01  0.18378E+00
  0.32762E+00  0.16585E+01  0.18262E+00
  0.32660E+00  0.16528E+01  0.18146E+00
  0.32556E+00  0.16469E+01  0.18030E+00
  0.32449E+00  0.16409E+01  0.17914E+00
  0.32337E+00  0.16346E+01  0.17799E+00
  0.32221E+00  0.16281E+01  0.17684E+00
  0.32096E+00  0.16211E+01  0.17569E+00
  0.31973E+00  0.16142E+01  0.17455E+00
  0.31889E+00  0.16095E+01  0.17342E+00
  0.31803E+00  0.16047E+01  0.17229E+00
  0.31717E+00  0.15998E+01  0.17117E+00
  0.31629E+00  0.15949E+01  0.17005E+00
  0.31539E+00  0.15899E+01  0.16893E+00
  0.31447E+00  0.15848E+01  0.16781E+00
  0.31352E+00  0.15795E+01  0.16670E+00
  0.31253E+00  0.15739E+01  0.16559E+00
  0.31150E+00  0.15682E+01  0.16448E+00
  0.31054E+00  0.15628E+01  0.16338E+00
  0.30953E+00  0.15572E+01  0.16228E+00
  0.30868E+00  0.15525E+01  0.16119E+00
  0.30780E+00  0.15476E+01  0.16010E+00
  0.30690E+00  0.15426E+01  0.15901E+00
  0.30597E+00  0.15375E+01  0.15793E+00
  0.30499E+00  0.15320E+01  0.15685E+00
  0.30392E+00  0.15261E+01  0.15577E+00
  0.30306E+00  0.15213E+01  0.15470E+00
  0.30238E+00  0.15176E+01  0.15363E+00
  0.30170E+00  0.15138E+01  0.15257E+00
  0.30101E+00  0.15100E+01  0.15150E+00
  0.30033E+00  0.15062E+01  0.15045E+00
  0.29964E+00  0.15024E+01  0.14939E+00
  0.29895E+00  0.14986E+01  0.14833E+00
  0.29826E+00  0.14948E+01  0.14728E+00
  0.29757E+00  0.14910E+01  0.14623E+00
  0.29687E+00  0.14872E+01  0.14519E+00
  0.29618E+00  0.14833E+01  0.14414E+00
  0.29548E+00  0.14795E+01  0.14310E+00
  0.29478E+00  0.14756E+01  0.14206E+00
  0.29407E+00  0.14718E+01  0.14103E+00
  0.29337E+00  0.14679E+01  0.13999E+00
  0.29266E+00  0.14640E+01  0.13896E+00
  0.29195E+00  0.14601E+01  0.13793E+00
  0.29124E+00  0.14562E+01  0.13690E+00
  0.29053E+00  0.14523E+01  0.13588E+00
  0.28981E+00  0.14484E+01  0.13486E+00
  0.28909E+00  0.14445E+01  0.13384E+00
  0.28837E+00  0.14406E+01  0.13282E+00
  0.28765E+00  0.14366E+01  0.13181E+00
  0.28693E+00  0.14327E+01  0.13080E+00
  0.28620E+00  0.14287E+01  0.12979E+00
  0.28547E+00  0.14247E+01  0.12878E+00
  0.28474E+00  0.14207E+01  0.12778E+00
  0.28400E+00  0.14167E+01  0.12678E+00
  0.28327E+00  0.14127E+01  0.12578E+00
  0.28253E+00  0.14087E+01  0.12479E+00
  0.28179E+00  0.14047E+01  0.12379E+00
  0.28104E+00  0.14006E+01  0.12280E+00
  0.28029E+00  0.13966E+01  0.12181E+00
  0.27954E+00  0.13925E+01  0.12083E+00
  0.27879E+00  0.13885E+01  0.11985E+00
  0.27804E+00  0.13844E+01  0.11887E+00
  0.27728E+00  0.13803E+01  0.11789E+00
  0.27652E+00  0.13761E+01  0.11692E+00
  0.27575E+00  0.13720E+01  0.11595E+00
  0.27499E+00  0.13679E+01  0.11498E+00
  0.27422E+00  0.13637E+01  0.11401E+00
  0.27344E+00  0.13596E+01  0.11305E+00
  0.27267E+00  0.13554E+01  0.11209E+00
  0.27189E+00  0.13512E+01  0.11113E+00
  0.27110E+00  0.13470E+01  0.11017E+00
  0.27032E+00  0.13427E+01  0.10922E+00
  0.26953E+00  0.13385E+01  0.10827E+00
  0.26873E+00  0.13342E+01  0.10733E+00
  0.26794E+00  0.13299E+01  0.10638E+00
  0.26713E+00  0.13257E+01  0.10544E+00
  0.26633E+00  0.13213E+01  0.10450E+00
  0.26552E+00  0.13170E+01  0.10357E+00
  0.26471E+00  0.13127E+01  0.10264E+00
  0.26389E+00  0.13083E+01  0.10171E+00
  0.26307E+00  0.13039E+01  0.10078E+00
  0.26225E+00  0.12995E+01  0.99856E-01
  0.26142E+00  0.12951E+01  0.98935E-01
  0.26058E+00  0.12906E+01  0.98018E-01
  0.25974E+00  0.12861E+01  0.97103E-01
  0.25890E+00  0.12816E+01  0.96191E-01
  0.25805E+00  0.12771E+01  0.95282E-01
  0.25719E+00  0.12726E+01  0.94376E-01
  0.25633E+00  0.12680E+01  0.93473E-01
  0.25546E+00  0.12634E+01  0.92574E-01
  0.25459E+00  0.12587E+01  0.91677E-01
  0.25370E+00  0.12541E+01  0.90783E-01
  0.25281E+00  0.12493E+01  0.89893E-01
  0.25192E+00  0.12446E+01  0.89005E-01
  0.25101E+00  0.12398E+01  0.88121E-01
  0.25009E+00  0.12349E+01  0.87240E-01
  0.24917E+00  0.12300E+01  0.86362E-01
  0.24822E+00  0.12251E+01  0.85487E-01
  0.24727E+00  0.12200E+01  0.84616E-01
  0.24633E+00  0.12151E+01  0.83748E-01
  0.24547E+00  0.12105E+01  0.82884E-01
  0.24459E+00  0.12059E+01  0.82023E-01
  0.24371E+00  0.12013E+01  0.81165E-01
  0.24283E+00  0.11966E+01  0.80311E-01
  0.24194E+00  0.11919E+01  0.79459E-01
  0.24104E+00  0.11872E+01  0.78611E-01
  0.24014E+00  0.11825E+01  0.77765E-01
  0.23923E+00  0.11777E+01  0.76923E-01
  0.23831E+00  0.11729E+01  0.76084E-01
  0.23739E+00  0.11681E+01  0.75248E-01
  0.23646E+00  0.11632E+01  0.74416E-01
  0.23552E+00  0.11583E+01  0.73587E-01
  0.23457E+00  0.11533E+01  0.72761E-01
  0.23361E+00  0.11483E+01  0.71938E-01
  0.23264E+00  0.11432E+01  0.71119E-01
  0.23166E+00  0.11381E+01  0.70303E-01
  0.23067E+00  0.11330E+01  0.69491E-01
  0.22967E+00  0.11277E+01  0.68682E-01
  0.22866E+00  0.11225E+01  0.67877E-01
  0.22762E+00  0.11171E+01  0.67075E-01
  0.22657E+00  0.11116E+01  0.66277E-01
  0.22550E+00  0.11061E+01  0.65482E-01
  0.22440E+00  0.11003E+01  0.64691E-01
  0.22326E+00  0.10944E+01  0.63904E-01
  0.22204E+00  0.10881E+01  0.63120E-01
  0.22098E+00  0.10826E+01  0.62342E-01
  0.21996E+00  0.10773E+01  0.61567E-01
  0.21890E+00  0.10718E+01  0.60796E-01
  0.21782E+00  0.10663E+01  0.60029E-01
  0.21670E+00  0.10605E+01  0.59265E-01
  0.21552E+00  0.10543E+01  0.58505E-01
  0.21417E+00  0.10474E+01  0.57749E-01
  0.21324E+00  0.10426E+01  0.56999E-01
  0.21233E+00  0.10379E+01  0.56252E-01
  0.21141E+00  0.10332E+01  0.55509E-01
  0.21049E+00  0.10284E+01  0.54769E-01
  0.20957E+00  0.10237E+01  0.54032E-01
  0.20864E+00  0.10189E+01  0.53298E-01
  0.20771E+00  0.10141E+01  0.52568E-01
  0.20677E+00  0.10093E+01  0.51841E-01
  0.20582E+00  0.10044E+01  0.51117E-01
  0.20487E+00  0.99957E+00  0.50397E-01
  0.20391E+00  0.99467E+00  0.49680E-01
  0.20295E+00  0.98975E+00  0.48966E-01
  0.20198E+00  0.98479E+00  0.48256E-01
  0.20101E+00  0.97981E+00  0.47549E-01
  0.20003E+00  0.97481E+00  0.46845E-01
  0.19904E+00  0.96977E+00  0.46145E-01
  0.19805E+00  0.96470E+00  0.45448E-01
  0.19705E+00  0.95960E+00  0.44755E-01
  0.19604E+00  0.95447E+00  0.44066E-01
  0.19503E+00  0.94930E+00  0.43379E-01
  0.19401E+00  0.94411E+00  0.42697E-01
  0.19298E+00  0.93887E+00  0.42018E-01
  0.19194E+00  0.93360E+00  0.41343E-01
  0.19089E+00  0.92829E+00  0.40671E-01
  0.18984E+00  0.92293E+00  0.40003E-01
  0.18877E+00  0.91754E+00  0.39338E-01
  0.18770E+00  0.91210E+00  0.38678E-01
  0.18662E+00  0.90665E+00  0.38021E-01
  0.18558E+00  0.90139E+00  0.37368E-01
  0.18453E+00  0.89609E+00  0.36719E-01
  0.18348E+00  0.89076E+00  0.36073E-01
  0.18241E+00  0.88538E+00  0.35431E-01
  0.18134E+00  0.87997E+00  0.34793E-01
  0.18026E+00  0.87452E+00  0.34158E-01
  0.17917E+00  0.86903E+00  0.33528E-01
  0.17807E+00  0.86350E+00  0.32901E-01
  0.17696E+00  0.85792E+00  0.32278E-01
  0.17584E+00  0.85230E+00  0.31659E-01
  0.17472E+00  0.84663E+00  0.31044E-01
  0.17358E+00  0.84091E+00  0.30432E-01
  0.17243E+00  0.83514E+00  0.29825E-01
  0.17127E+00  0.82932E+00  0.29222E-01
  0.17009E+00  0.82345E+00  0.28622E-01
  0.16891E+00  0.81751E+00  0.28027E-01
  0.16771E+00  0.81151E+00  0.27436E-01
  0.16650E+00  0.80546E+00  0.26850E-01
  0.16527E+00  0.79933E+00  0.26267E-01
  0.16403E+00  0.79314E+00  0.25689E-01
  0.16277E+00  0.78687E+00  0.25115E-01
  0.16150E+00  0.78052E+00  0.24545E-01
  0.16021E+00  0.77409E+00  0.23980E-01
  0.15890E+00  0.76757E+00  0.23419E-01
  0.15757E+00  0.76096E+00  0.22863E-01
  0.15622E+00  0.75424E+00  0.22312E-01
  0.15484E+00  0.74741E+00  0.21765E-01
  0.15344E+00  0.74046E+00  0.21223E-01
  0.15201E+00  0.73338E+00  0.20686E-01
  0.15056E+00  0.72614E+00  0.20153E-01
  0.14906E+00  0.71874E+00  0.19626E-01
  0.14752E+00  0.71114E+00  0.19104E-01
  0.14594E+00  0.70331E+00  0.18588E-01
  0.14430E+00  0.69520E+00  0.18076E-01
  0.14258E+00  0.68672E+00  0.17571E-01
  0.14076E+00  0.67774E+00  0.17071E-01
  0.13878E+00  0.66794E+00  0.16577E-01
  0.13636E+00  0.65603E+00  0.16089E-01
  0.13400E+00  0.64440E+00  0.15611E-01
  0.13232E+00  0.63616E+00  0.15141E-01
  0.13033E+00  0.62633E+00  0.14677E-01
  0.12862E+00  0.61796E+00  0.14221E-01
  0.12725E+00  0.61123E+00  0.13771E-01
  0.12587E+00  0.60443E+00  0.13326E-01
  0.12446E+00  0.59754E+00  0.12885E-01
  0.12304E+00  0.59057E+00  0.12450E-01
  0.12160E+00  0.58351E+00  0.12019E-01
  0.12014E+00  0.57635E+00  0.11594E-01
  0.11865E+00  0.56910E+00  0.11174E-01
  0.11715E+00  0.56175E+00  0.10758E-01
  0.11562E+00  0.55429E+00  0.10348E-01
  0.11407E+00  0.54671E+00  0.99438E-02
  0.11249E+00  0.53902E+00  0.95446E-02
  0.11089E+00  0.53120E+00  0.91508E-02
  0.10925E+00  0.52325E+00  0.87627E-02
  0.10759E+00  0.51516E+00  0.83802E-02
  0.10589E+00  0.50691E+00  0.80035E-02
  0.10416E+00  0.49851E+00  0.76327E-02
  0.10240E+00  0.48994E+00  0.72679E-02
  0.10059E+00  0.48118E+00  0.69093E-02
  0.98746E-01  0.47223E+00  0.65569E-02
  0.96854E-01  0.46306E+00  0.62110E-02
  0.94913E-01  0.45367E+00  0.58716E-02
  0.92920E-01  0.44402E+00  0.55389E-02
  0.90868E-01  0.43410E+00  0.52132E-02
  0.88752E-01  0.42388E+00  0.48946E-02
  0.86566E-01  0.41333E+00  0.45833E-02
  0.84302E-01  0.40241E+00  0.42797E-02
  0.81949E-01  0.39107E+00  0.39839E-02
  0.79496E-01  0.37926E+00  0.36962E-02
  0.76929E-01  0.36690E+00  0.34171E-02
  0.74228E-01  0.35391E+00  0.31469E-02
  0.71370E-01  0.34017E+00  0.28861E-02
  0.68321E-01  0.32553E+00  0.26351E-02
  0.65035E-01  0.30976E+00  0.23948E-02
  0.61445E-01  0.29254E+00  0.21659E-02
  0.57442E-01  0.27336E+00  0.19496E-02
  0.52836E-01  0.25130E+00  0.17472E-02
  0.47219E-01  0.22442E+00  0.15611E-02
  0.39321E-01  0.18665E+00  0.13953E-02
